[ch:0]
[24510,3390](24510,270,0)I (24780,480,0)wanna (25260,390,0)hold (25650,120,0)em' (25770,300,0)like (26070,180,0)they (26250,360,0)do (26610,210,0)in (26820,480,0)Texas (27300,600,0)Plays
[28170,4170](28170,480,0)Fold (28650,180,0)em' (28830,330,0)let (29160,150,0)em' (29310,270,0)hit (29580,180,0)me (29760,420,0)raise (30180,150,0)it (30330,420,0)baby (30750,330,0)stay (31080,240,0)with (31320,300,0)me (31620,0,0)（(31620,240,0)I (31860,330,0)love (32190,150,0)it(32340,0,0)）
[32340,3720](32340,240,0)Love (32580,390,0)game (32970,870,0)intuition (33840,300,0)play (34140,120,0)the (34260,420,0)cards (34680,120,0)with (34800,390,0)Spades (35190,120,0)to (35310,750,0)start
[36150,4200](36150,300,0)And (36450,450,0)after (36900,270,0)he's (37170,210,0)been (37380,330,0)hooked (37710,150,0)I'll (37860,300,0)play (38160,180,0)the (38340,330,0)one (38670,330,0)that's (39000,240,0)on (39240,210,0)his (39450,900,0)heart
[40410,4320](40410,205,0)Oh(40615,205,0), (40820,205,0)oh(41025,205,0), (41230,205,0)oh(41435,205,0), (41640,205,0)oh(41845,205,0), (42050,205,0)ohhhh(42255,205,0), (42460,205,0)ohh(42665,205,0)-(42870,205,0)oh(43075,205,0)-(43280,205,0)e(43485,205,0)-(43690,205,0)ohh(43895,205,0)-(44100,205,0)oh(44305,205,0)-(44510,220,0)oh
[44730,3510](44730,210,0)I'll (44940,300,0)get (45240,240,0)him (45480,630,0)hot(46110,0,0), (46110,330,0)show (46440,270,0)him (46710,330,0)what (47040,120,0)I've (47160,1080,0)got
[48240,4560](48240,207,0)Oh(48447,207,0), (48654,207,0)oh(48861,207,0), (49068,207,0)oh(49275,207,0), (49482,207,0)oh(49689,207,0), (49896,207,0)ohhhh(50103,207,0), (50310,207,0)ohh(50517,207,0)-(50724,207,0)oh(50931,207,0)-(51138,207,0)e(51345,207,0)-(51552,207,0)ohh(51759,207,0)-(51966,207,0)oh(52173,207,0)-(52380,207,0)oh(52587,213,0),
[52800,3870](52800,210,0)I'll (53010,300,0)get (53310,240,0)him (53550,630,0)hot(54180,0,0), (54180,330,0)show (54510,270,0)him (54780,330,0)what (55110,120,0)I've (55230,1440,0)got
[56700,1020](56700,450,0)Can't (57150,150,0)read (57300,420,0)my(57720,0,0),
[57720,1050](57720,420,0)Can't (58140,180,0)read (58320,450,0)my
[58770,3570](58770,330,0)No (59100,150,0)he (59250,300,0)can't (59550,450,0)read (60000,330,0)my (60330,960,0)poker (61290,1050,0)face
[62340,2430](62340,30,0)（(62370,420,0)she(62790,180,0)’(62970,150,0)s (63120,270,0)got (63390,150,0)to (63540,270,0)love (63810,930,0)nobody(64740,30,0)）
[64770,990](64770,420,0)Can't (65190,180,0)read (65370,390,0)my
[65760,1080](65760,420,0)Can't (66180,210,0)read (66390,450,0)my
[66840,3570](66840,330,0)No (67170,120,0)he (67290,330,0)can't (67620,480,0)read (68100,480,0)my (68580,780,0)poker (69360,1050,0)face
[70410,2340](70410,60,0)（(70470,390,0)she(70860,210,0)’(71070,120,0)s (71190,270,0)got (71460,150,0)to (71610,270,0)love (71880,870,0)nobody(72750,0,0)）
[72750,3240](72750,120,0)P(72870,240,0)-(73110,60,0)p(73170,180,0)-(73350,60,0)p(73410,240,0)-(73650,480,0)poker (74130,240,0)face(74370,0,0), (74370,60,0)f(74430,180,0)-(74610,60,0)f(74670,180,0)-(74850,60,0)f(74910,30,0)-(74940,270,0)f**k (75210,180,0)her (75390,600,0)face
[75990,1170](75990,0,0)（(75990,120,0)Mum (76110,360,0)mum (76470,450,0)mum (76920,240,0)mah(77160,0,0)）
[77160,2850](77160,158,0)P(77318,158,0)-(77476,158,0)p(77634,158,0)-(77792,158,0)p(77950,158,0)-(78108,158,0)poker (78266,158,0)face(78424,158,0), (78582,158,0)f(78740,158,0)-(78898,158,0)f(79056,158,0)-(79214,158,0)f(79372,158,0)-(79530,158,0)f**k (79688,158,0)her (79846,164,0)face
[80010,930](80010,0,0)（(80010,90,0)Mum (80100,390,0)mum (80490,330,0)mum (80820,90,0)mah(80910,30,0)）
[80940,3690](80940,300,0)I (81240,480,0)wanna (81720,300,0)roll (82020,270,0)with (82290,300,0)him (82590,150,0)a (82740,300,0)hard (83040,240,0)pair (83280,210,0)we (83490,300,0)will (83790,840,0)be
[85020,3960](85020,240,0)A (85260,510,0)little (85770,840,0)gambling (86610,180,0)is (86790,270,0)fun (87060,240,0)when (87300,270,0)you're (87570,300,0)with (87870,540,0)me (88410,0,0)（(88410,150,0)I (88560,90,0)love (88650,300,0)it(88950,30,0)）
[88980,3570](88980,600,0)Russian (89580,540,0)Roulette (90120,210,0)is (90330,240,0)not (90570,150,0)the (90720,390,0)same (91110,570,0)without (91680,90,0)a (91770,780,0)gun
[92610,4350](92610,240,0)And (92850,480,0)baby (93330,360,0)when (93690,180,0)it's (93870,330,0)love (94200,240,0)if (94440,210,0)its (94650,210,0)not (94860,360,0)rough (95220,240,0)it (95460,390,0)isn't (95850,780,0)fun(96630,0,0), (96630,330,0)fun
[96960,4290](96960,204,0)Oh(97164,204,0), (97368,204,0)oh(97572,204,0), (97776,204,0)oh(97980,204,0), (98184,204,0)oh(98388,204,0), (98592,204,0)ohhhh(98796,204,0), (99000,204,0)ohh(99204,204,0)-(99408,204,0)oh(99612,204,0)-(99816,204,0)e(100020,204,0)-(100224,204,0)ohh(100428,204,0)-(100632,204,0)oh(100836,204,0)-(101040,210,0)oh
[101250,3450](101250,180,0)I'll (101430,270,0)get (101700,240,0)him (101940,660,0)hot(102600,0,0), (102600,330,0)show (102930,240,0)him (103170,330,0)what (103500,150,0)I've (103650,1050,0)got
[104700,4590](104700,208,0)Oh(104908,208,0), (105116,208,0)oh(105324,208,0), (105532,208,0)oh(105740,208,0), (105948,208,0)oh(106156,208,0), (106364,208,0)ohhhh(106572,208,0), (106780,208,0)ohh(106988,208,0)-(107196,208,0)oh(107404,208,0)-(107612,208,0)e(107820,208,0)-(108028,208,0)ohh(108236,208,0)-(108444,208,0)oh(108652,208,0)-(108860,208,0)oh(109068,222,0),
[109290,3810](109290,210,0)I'll (109500,270,0)get (109770,270,0)him (110040,600,0)hot(110640,0,0), (110640,360,0)show (111000,240,0)him (111240,330,0)what (111570,150,0)I've (111720,1380,0)got
[113160,1020](113160,420,0)Can't (113580,210,0)read (113790,390,0)my(114180,0,0),
[114180,1050](114180,420,0)Can't (114600,180,0)read (114780,450,0)my
[115230,3570](115230,360,0)No (115590,120,0)he (115710,330,0)can't (116040,450,0)read (116490,630,0)my (117120,630,0)poker (117750,1050,0)face
[118800,2430](118800,30,0)（(118830,420,0)she(119250,210,0)’(119460,120,0)s (119580,270,0)got (119850,180,0)to (120030,270,0)love (120300,900,0)nobody(121200,30,0)）
[121230,1020](121230,420,0)Can't (121650,180,0)read (121830,420,0)my
[122250,1050](122250,420,0)Can't (122670,210,0)read (122880,420,0)my
[123300,3600](123300,330,0)No (123630,150,0)he (123780,300,0)can't (124080,480,0)read (124560,330,0)my (124890,930,0)poker (125820,1080,0)face
[126900,2340](126900,30,0)（(126930,390,0)she(127320,210,0)’(127530,120,0)s (127650,270,0)got (127920,180,0)to (128100,240,0)love (128340,900,0)nobody(129240,0,0)）
[129240,3210](129240,178,0)P(129418,178,0)-(129596,178,0)p(129774,178,0)-(129952,178,0)p(130130,178,0)-(130308,178,0)poker (130486,178,0)face(130664,178,0), (130842,178,0)f(131020,178,0)-(131198,178,0)f(131376,178,0)-(131554,178,0)f(131732,178,0)-(131910,178,0)f**k (132088,178,0)her (132266,184,0)face
[132450,1170](132450,0,0)（(132450,120,0)Mum (132570,420,0)mum (132990,390,0)mum (133380,240,0)mah(133620,0,0)）
[133620,2880](133620,160,0)P(133780,160,0)-(133940,160,0)p(134100,160,0)-(134260,160,0)p(134420,160,0)-(134580,160,0)poker (134740,160,0)face(134900,160,0), (135060,160,0)f(135220,160,0)-(135380,160,0)f(135540,160,0)-(135700,160,0)f(135860,160,0)-(136020,160,0)f**k (136180,160,0)her (136340,160,0)face
[136500,810](136500,0,0)（(136500,120,0)Mum (136620,420,0)mum (137040,180,0)mum (137220,90,0)mah(137310,0,0)）
[137310,7470](137310,1245,0)（(138555,1245,0)Mum (139800,1245,0)mum (141045,1245,0)mum (142290,1245,0)mah(143535,1245,0)）
[144780,1950](144780,210,0)I (144990,300,0)won't (145290,240,0)tell (145530,240,0)you (145770,300,0)that (146070,180,0)I (146250,330,0)love (146580,150,0)you
[146730,1020](146730,390,0)Kiss (147120,120,0)or (147240,330,0)hug (147570,180,0)you
[147750,2070](147750,360,0)Cause (148110,150,0)I'm (148260,570,0)bluffin' (148830,240,0)with (149070,180,0)my (149250,570,0)muffin
[149820,3660](149820,240,0)I'm (150060,240,0)not (150300,570,0)lying (150870,210,0)I'm (151080,210,0)just (151290,570,0)stunnin' (151860,240,0)with (152100,180,0)my (152280,270,0)love(152550,30,0)-(152580,240,0)glue(152820,30,0)-(152850,630,0)gunning
[153540,2280](153540,330,0)Just (153870,300,0)like (154170,120,0)a (154290,420,0)chick (154710,180,0)in (154890,150,0)the (155040,780,0)casino
[155820,2280](155820,330,0)Take (156150,180,0)your (156330,330,0)bank (156660,510,0)before (157170,150,0)I (157320,330,0)pay (157650,270,0)you (157920,180,0)out
[158130,1740](158130,210,0)I (158340,540,0)promise (158880,240,0)this(159120,0,0), (159120,510,0)promise (159630,240,0)this
[159900,1770](159900,270,0)Check (160170,240,0)this (160410,300,0)hand (160710,240,0)cause (160950,150,0)I'm (161100,570,0)marvelous
[161670,900](161670,300,0)Can't (161970,210,0)read (162180,390,0)my(162570,0,0),
[162570,1050](162570,390,0)Can't (162960,240,0)read (163200,420,0)my
[163620,3600](163620,330,0)No (163950,150,0)he (164100,330,0)can't (164430,450,0)read (164880,510,0)my (165390,750,0)poker (166140,1080,0)face
[167220,2430](167220,30,0)（(167250,570,0)she(167820,30,0)’(167850,150,0)s (168000,270,0)got (168270,150,0)to (168420,270,0)love (168690,930,0)nobody(169620,30,0)）
[169650,990](169650,420,0)Can't (170070,180,0)read (170250,390,0)my
[170640,1050](170640,420,0)Can't (171060,210,0)read (171270,420,0)my
[171690,3600](171690,360,0)No (172050,120,0)he (172170,330,0)can't (172500,450,0)read (172950,330,0)my (173280,930,0)poker (174210,1080,0)face
[175290,2430](175290,30,0)（(175320,600,0)she(175920,30,0)’(175950,90,0)s (176040,300,0)got (176340,150,0)to (176490,270,0)love (176760,930,0)nobody(177690,30,0)）
[177720,990](177720,420,0)Can't (178140,180,0)read (178320,390,0)my(178710,0,0),
[178710,1050](178710,420,0)Can't (179130,210,0)read (179340,420,0)my
[179760,3600](179760,360,0)No (180120,120,0)he (180240,330,0)can't (180570,450,0)read (181020,330,0)my (181350,930,0)poker (182280,1080,0)face
[183360,2430](183360,30,0)（(183390,600,0)she(183990,30,0)’(184020,150,0)s (184170,90,0)got (184260,90,0)to (184350,480,0)love (184830,930,0)nobody(185760,30,0)）
[185790,960](185790,420,0)Can't (186210,150,0)read (186360,390,0)my
[186750,1080](186750,420,0)Can't (187170,240,0)read (187410,420,0)my
[187830,3570](187830,360,0)No (188190,120,0)he (188310,330,0)can't (188640,450,0)read (189090,540,0)my (189630,720,0)poker (190350,1050,0)face
[191400,2460](191400,60,0)（(191460,570,0)she(192030,30,0)’(192060,150,0)s (192210,240,0)got (192450,180,0)to (192630,270,0)love (192900,930,0)nobody(193830,30,0)）
[193860,990](193860,390,0)Can't (194250,210,0)read (194460,390,0)my(194850,0,0),
[194850,1050](194850,420,0)Can't (195270,180,0)read (195450,450,0)my
[195900,3600](195900,330,0)No (196230,150,0)he (196380,330,0)can't (196710,450,0)read (197160,300,0)my (197460,960,0)poker (198420,1080,0)face
[199500,2430](199500,30,0)（(199530,480,0)she(200010,150,0)’(200160,120,0)s (200280,270,0)got (200550,60,0)to (200610,390,0)love (201000,900,0)nobody(201900,30,0)）
[201930,930](201930,390,0)Can't (202320,180,0)read (202500,360,0)my
[202860,1110](202860,480,0)Can't (203340,180,0)read (203520,450,0)my
[203970,3570](203970,330,0)No (204300,150,0)he (204450,330,0)can't (204780,420,0)read (205200,360,0)my (205560,930,0)poker (206490,1050,0)face
[207540,2370](207540,30,0)（(207570,630,0)she(208200,30,0)’(208230,90,0)s (208320,270,0)got (208590,150,0)to (208740,300,0)love (209040,870,0)nobody(209910,0,0)）
[209910,3420](209910,190,0)P(210100,190,0)-(210290,190,0)p(210480,190,0)-(210670,190,0)p(210860,190,0)-(211050,190,0)poker (211240,190,0)face(211430,190,0), (211620,190,0)f(211810,190,0)-(212000,190,0)f(212190,190,0)-(212380,190,0)f(212570,190,0)-(212760,190,0)f**k (212950,190,0)her (213140,190,0)face
[214050,3030](214050,120,0)P(214170,120,0)-(214290,60,0)p(214350,180,0)-(214530,60,0)p(214590,210,0)-(214800,510,0)poker (215310,240,0)face(215550,0,0), (215550,60,0)f(215610,120,0)-(215730,60,0)f(215790,240,0)-(216030,60,0)f(216090,30,0)-(216120,300,0)f**k (216420,180,0)her (216600,480,0)face
[217080,4080](217080,226,0)P(217306,226,0)-(217532,226,0)p(217758,226,0)-(217984,226,0)p(218210,226,0)-(218436,226,0)poker (218662,226,0)face(218888,226,0), (219114,226,0)f(219340,226,0)-(219566,226,0)f(219792,226,0)-(220018,226,0)f(220244,226,0)-(220470,226,0)f**k (220696,226,0)her (220922,238,0)face
[221160,4050](221160,240,0)P(221400,720,0)-(222120,270,0)p(222390,210,0)-(222600,60,0)p(222660,210,0)-(222870,480,0)poker (223350,270,0)face(223620,0,0), (223620,60,0)f(223680,180,0)-(223860,60,0)f(223920,180,0)-(224100,60,0)f(224160,30,0)-(224190,270,0)f**k (224460,180,0)her (224640,570,0)face
[225210,3960](225210,210,0)P(225420,540,0)-(225960,480,0)p(226440,210,0)-(226650,60,0)p(226710,210,0)-(226920,480,0)poker (227400,240,0)face(227640,0,0), (227640,60,0)f(227700,180,0)-(227880,60,0)f(227940,180,0)-(228120,60,0)f(228180,30,0)-(228210,300,0)f**k (228510,150,0)her (228660,510,0)face
[230160,3090](230160,171,0)P(230331,171,0)-(230502,171,0)p(230673,171,0)-(230844,171,0)p(231015,171,0)-(231186,171,0)poker (231357,171,0)face(231528,171,0), (231699,171,0)f(231870,171,0)-(232041,171,0)f(232212,171,0)-(232383,171,0)f(232554,171,0)-(232725,171,0)f**k (232896,171,0)her (233067,183,0)face
